2020,1,36,19.5,1,9.3,89.9,22,62.8,.58,11.99,0,15,9.5,12.1,14.5,14.3,14.4,1.3,.4,2,62,4.8,1.8,2.1,1.8,.68,1.4
2020,2,36,21.1,1.7,10.6,91.6,20.8,58.3,.71,12.6,0,15.3,9.9,12.6,14.7,14.3,14.5,2.5,2,319,36,11.3,2.4,3.1,2.7,.68,1.4
2020,3,36,21.5,2,11.1,84.5,18.8,55.3,.76,12.17,0,15.6,10.2,12.8,14.7,14.4,14.6,1.4,.6,19,54,6.6,2.6,2.4,2,.67,1.1
2020,4,36,22.2,2.7,11.2,93.5,22,61.2,.69,12.99,0,16,10.2,13.1,14.8,14.5,14.7,1.8,1.5,14,31,5.2,2.9,2.7,2.3,.76,2.9
2020,5,36,22.7,2.2,11.3,91.8,25,61.5,.71,13.12,0,16.3,10.4,13.3,14.9,14.6,14.8,1.8,1.2,354,45,6.2,3.1,2.7,2.4,.76,3
2020,6,36,22.1,4.8,12.3,78.4,15.6,47.5,.91,13.24,0,16,10.8,13.3,15,14.6,14.8,2.7,2,339,41,8.8,3.1,3.5,3.2,.62,0
2020,7,36,22.5,2.5,11.3,77.2,15.2,47.3,.91,13.12,0,15.8,9.9,12.8,15,14.5,14.8,1.5,.9,1,46,6.3,3.1,3,2.4,.57,-1.1
2020,8,36,22,.5,10.2,87,23.4,60,.67,13.23,0,15.6,9.6,12.6,14.9,14.4,14.7,1.6,1.1,145,42,6,2.7,2.7,2.3,.7,1.8
2020,9,36,19.9,4.3,11.4,87.8,33.7,62.9,.59,11.75,0,16.4,11.1,13.4,14.8,14.6,14.7,2.1,1.4,261,48,9,2.2,2.3,2.2,.82,4
2020,10,36,19.7,1.7,10.2,96.1,18.1,55.5,.73,13.34,0,15.3,10.3,13,14.9,14.5,14.8,2.3,1.5,331,47,8.4,1.9,3.1,2.6,.61,-.2
2020,11,36,19.8,1.1,9.1,77.6,13.3,51.6,.72,13.42,0,15,9.5,12.3,14.8,14.4,14.6,1.9,1.3,131,44,6.1,1.9,2.9,2.4,.53,-2
2020,12,36,21,.6,9.8,89.7,20.4,57.1,.69,13.3,0,15.3,9.6,12.4,14.6,14.2,14.4,1.3,.8,19,42,6.1,2.3,2.5,2,.63,.3
2020,13,36,20.9,1.9,10.1,86.9,30.5,61.8,.59,13.26,0,15.8,9.7,12.6,14.6,14.2,14.4,.9,.6,23,45,4.6,2.4,2.2,1.7,.74,2.5
2020,14,36,22,2.5,10.7,92.1,23.7,62.1,.66,12.87,0,15.7,10,12.8,14.6,14.3,14.4,.8,.3,356,53,4.2,2.9,2.1,1.7,.74,2.6
2020,15,36,21.5,1.6,10.4,90.8,26.4,66.5,.56,11.09,0,15.4,10.4,12.9,14.6,14.3,14.5,1.2,.6,323,50,4.4,2.6,1.8,1.9,.79,3.5
2020,16,36,21,1.4,10,95.2,24.7,68.4,.54,12.73,0,15.9,10.3,12.9,14.6,14.3,14.5,1.2,.7,126,45,4.4,2.4,2.2,1.8,.79,3.5
2020,17,36,19.8,4.4,11.7,93,31.6,64.3,.6,13.28,0,16.5,11.5,13.9,14.7,14.5,14.6,2.1,1.6,3,37,9.1,2.1,2.7,2.2,.84,4.5
2020,18,36,21.2,1.4,10.4,91,16.1,52.2,.8,13.89,0,15.8,10.4,13.2,14.9,14.4,14.7,2.5,1.6,338,46,8.6,2.5,3.4,3,.58,-.9
2020,19,36,23.7,3.3,12.7,73.4,13.7,43.2,1.01,13.48,0,16.3,10.4,13.3,14.8,14.4,14.6,1.9,1.4,353,38,7.2,3.7,3.4,3,.58,-.9
2020,20,36,18.4,7.2,12.4,84.5,32.4,58.5,.64,3.93,0,14.8,12.6,13.7,14.8,14.6,14.7,1.1,.1,93,68,3.7,1.8,.6,1.5,.84,4.3
2020,21,36,18.6,8.8,13.4,97,56.9,79.2,.35,11.69,1.02,17.2,13.3,14.8,15.1,14.8,14.8,2,1.6,134,35,6.7,2.1,1.9,1.7,1.2,9.7
2020,22,36,20.6,5.3,12,100,47.5,82.2,.35,12.85,0,17.5,12.5,14.9,15.3,15.1,15.2,.8,.5,311,42,3.4,2.5,1.8,1.6,1.12,8.5
2020,23,36,23.5,5.7,13.6,94.1,27.4,63.5,.75,14.16,0,18,12.3,15.1,15.4,15.1,15.3,1.7,1,338,47,7.8,3.8,3,2.5,.92,5.7
2020,24,36,25.2,4.5,13.9,91.2,22.5,61.2,.85,12.92,0,17.7,12.5,15,15.5,15.2,15.4,1.3,.9,14,40,5.7,4.4,2.6,2.3,.88,5.1
2020,25,36,25.4,5.2,14.2,89.8,21,58.8,.9,14.34,0,17.9,12.5,15.1,15.6,15.3,15.4,1.6,1.2,13,39,5.9,4.6,3.2,2.7,.87,4.9
2020,26,36,25,5.6,14.2,85,24.2,58.8,.86,13.54,0,18.3,12.8,15.5,15.7,15.4,15.5,1.3,.7,123,54,3.7,4.4,2.7,2.4,.89,5.2
2020,27,36,25.8,5.5,14.3,91.3,17.1,55.8,.96,14.84,0,18.5,13.4,15.9,15.8,15.6,15.7,2.1,1.3,316,46,7.5,4.8,3.7,3.3,.81,3.9
2020,28,36,25.2,4.7,14.3,79.2,14.6,49.8,1.05,14.94,0,18.6,13,15.7,15.9,15.6,15.8,1.5,.6,7,58,5.7,4.5,3.5,2.8,.73,2.4
2020,29,36,22.4,5.5,13.7,76.9,20.2,46.5,.99,14.65,0,17.4,13.1,15.4,16,15.6,15.8,3.6,2.6,325,43,12.7,3.3,4.5,4,.68,1.4
2020,30,36,23.3,7.9,15.4,62.7,15.4,35.5,1.22,14.89,0,18,13.1,15.5,15.8,15.4,15.6,2.7,2,325,41,7.9,4.1,4.1,3.9,.6,-.4
2020,31,36,23.5,5.6,14.3,70.2,19.8,43.8,1.03,15.46,0,18,12.6,15.3,15.8,15.4,15.6,2.4,1.8,349,40,7.2,3.8,4,3.5,.68,1.5
2020,32,36,25.6,4.1,14,86.2,16.8,51.1,1,15.68,0,18.4,12.4,15.3,15.8,15.4,15.6,1.7,1.2,360,41,6.9,4.6,3.6,3.1,.75,2.8
2020,33,36,26.1,4.4,14.7,85.6,16.1,54,1,15.82,0,19.1,12.9,15.9,15.9,15.6,15.7,1.9,1.4,139,37,6.4,4.7,3.6,3.3,.82,4.1
2020,34,36,15.9,4.8,11.9,88.6,13,39.7,.87,10.09,0,17.4,14.1,15.3,16,15.6,15.9,4.2,2.9,343,45,10.9,.7,3.4,3.3,.54,-3.5
2020,35,36,13.9,-1.2,6.6,53.1,12.2,28.8,.76,16.15,0,14.4,10.1,12.1,15.6,14.5,15.1,4.4,3.7,300,31,13.6,.1,4.6,3.7,.26,-11
2020,36,36,16.3,.9,8.3,60.4,10.6,26.5,.86,14.94,0,13.3,8.6,10.9,14.6,13.8,14.1,3.2,2.5,298,36,11.4,.7,4,3.6,.28,-10.7
2020,37,36,20.4,-.1,9.7,80.1,17.6,49.6,.76,15.91,0,16,9.1,12.2,14,13.7,13.9,1.3,.8,149,47,4.1,2,3,2.4,.56,-1.6
2020,38,36,23.5,2.5,12.2,89.6,25,59.7,.76,16.32,0,17.8,10.8,14.1,14.5,14,14.2,1,.3,46,59,3.8,3.4,2.9,2.3,.79,3.5
2020,39,36,24.9,3,13.3,91.8,19.6,58.1,.87,16.55,0,18.4,11.8,15,14.8,14.5,14.6,1.8,1.2,132,43,5.2,4.1,3.5,3.1,.81,3.8
2020,40,36,21.8,6.5,13.8,89.3,32.5,64.7,.64,13.27,0,18,13,15.5,15.1,14.8,15,1.8,.4,54,69,6.3,3.2,2.5,2.4,1,6.8
2020,41,36,16.3,8.6,11.8,98.2,62.4,88.3,.17,3.92,7.87,16.6,14.2,14.8,15.4,15.1,15.3,2.6,1.2,61,56,9.8,1.1,.2,1.2,1.22,9.8
2020,42,36,18.5,4.8,11.6,100,22.6,66.7,.54,15.49,.51,15.9,12.4,14,15.3,15,15.1,2.5,1.6,327,47,10.3,1.6,3.2,2.6,.86,4.4
2020,43,36,20,.6,9.6,96.4,15.1,63.2,.63,17.54,0,17.1,9.9,13.3,15.2,14.7,15,1.4,1.1,125,37,4.7,1.9,3.1,2.5,.68,1.2
2020,44,36,22.3,1.6,11.5,99.3,21.6,67.7,.63,17.56,0,18,10.8,14.2,15.1,14.8,14.9,1.1,.6,21,48,4.3,2.9,3,2.4,.84,4.3
2020,45,36,23.7,3.6,13.2,95.1,19.1,60.8,.81,17.34,0,18.9,12,15.2,15.2,15,15.1,.8,.3,330,53,3.1,3.6,3.1,2.4,.83,4.3
2020,46,36,25.1,3.3,13.8,94.3,22.5,61,.84,17.47,0,19.3,12.4,15.8,15.5,15.2,15.4,.9,.4,30,52,3.5,4.3,3.2,2.5,.88,5.1
2020,47,36,25.8,5.4,14.9,91.1,15.1,57.6,.98,17.58,0,19.9,12.9,16.3,15.7,15.4,15.6,1.2,.6,107,57,4.2,4.8,3.6,3,.87,4.8
2020,48,36,26.3,6.2,15.2,84.1,19.6,57,.96,17.59,0,20.3,13.7,16.9,15.9,15.7,15.8,1.3,.8,3,46,3.9,5.1,3.6,3.1,.91,5.5
2020,49,36,25.5,5.8,15.1,88.8,12.7,52.6,1.03,17.67,0,20,14,17,16.2,15.9,16,1.8,1.6,18,27,7.7,4.8,4.2,3.5,.8,3.7
2020,50,36,27.1,8.6,16.5,80.6,13.9,48.5,1.19,17.53,0,20.6,14.3,17.2,16.3,16,16.1,1.2,.9,16,34,5,5.9,3.9,3.2,.83,4
2020,51,36,25.4,9.1,16.8,71.1,16.6,43.3,1.22,16.56,0,20,14.5,17.4,16.4,16.1,16.3,2.5,2.2,2,29,9.2,5.3,4.4,4.1,.79,3.4
2020,52,36,26.7,8.6,17.5,82.9,20.3,50,1.17,15.25,0,20.5,15.1,17.9,16.5,16.3,16.4,1.5,.7,36,54,6.7,5.8,3.6,3.2,.95,6.1
2020,53,36,22.7,10.5,16.6,98.2,34.2,68.2,.66,14.9,1.78,21.3,17,18.7,16.9,16.5,16.7,3.3,1.5,245,60,10.3,4.2,3.5,3.2,1.26,10.2
2020,54,36,23.9,7.2,15.2,90.3,30,64.1,.75,18.33,0,20.7,14.6,17.6,17,16.5,16.8,2.1,1.1,238,54,7.4,4.1,3.8,3.3,1.06,7.8
2020,55,36,26.2,7.2,16,95.7,25.1,64.2,.87,18.8,0,21.5,14.9,18.1,16.9,16.6,16.8,1.2,.5,339,58,4.5,5.3,3.7,3.1,1.08,8
2020,56,36,23.7,6.6,15,83.4,10.4,42.2,1.18,19.69,0,19.6,14.8,17.5,17,16.7,16.9,4,3.1,354,37,14.8,4,6.3,5.2,.63,-.1
2020,57,36,22.2,3.5,12.4,69.1,7.6,40.4,.99,19.94,0,19.5,13,16.2,16.9,16.2,16.5,2.3,1.8,11,37,8.1,3,4.6,3.9,.54,-1.9
2020,58,36,24.8,4,13.8,80,11.5,49.6,.99,16.44,0,19.2,13.1,16.2,16.5,16.1,16.3,1.3,.8,342,44,4.1,4.2,3.4,3.1,.74,2.2
2020,59,36,26.3,7,15.7,85.3,16.2,55.8,.96,15.32,0,20,14.4,16.9,16.4,16.2,16.3,1.5,.6,19,59,5.3,5.2,3.3,3.2,.94,6
2020,60,36,27.9,5.9,16.4,88.8,13.8,53.7,1.16,19.53,0,21.6,14.5,17.9,16.7,16.4,16.5,1.3,.4,124,64,4.6,5.9,4.2,3.6,.88,5.1
2020,61,36,24.4,9.7,16.2,81.2,16.8,46.1,1.12,19.25,0,21.6,15.2,18.2,16.9,16.6,16.8,3.5,2.6,265,41,9.6,4.9,5,4.9,.8,3.7
2020,62,36,21,6.1,12.7,86.3,32.1,62.2,.63,15.86,0,19.3,14.2,16.8,17,16.5,16.7,3,2.2,311,42,12.6,2.7,3.4,3.4,.89,5.2
2020,63,36,26.5,5.3,15.2,93.1,11.4,57,1.04,20.26,0,21,13.7,17,16.7,16.3,16.5,1.8,.1,176,72,7.3,5.1,4.4,3.9,.84,4.1
2020,64,36,24.8,8.8,16.2,96.5,33.7,72.2,.65,19.99,0,22,15.5,18.5,16.9,16.5,16.7,2,1.5,122,37,5.8,4.9,3.7,3.5,1.27,10.4
2020,65,36,27.7,7.4,17.3,99.4,23.3,66.1,.95,19.26,0,22.6,15.8,19.2,17.2,16.9,17.1,1.7,1,344,50,5.7,6,4.1,3.7,1.19,9.5
2020,66,36,30.2,9.3,18.7,86.9,16.8,54.9,1.23,20.41,0,23.7,16.8,20.1,17.6,17.2,17.4,1.4,.7,136,53,5.1,7.5,4.5,4.1,1.1,8.2
2020,67,36,27.1,10,18.2,89.1,22.7,55.9,1.12,20.5,0,24,17.5,20.6,18,17.6,17.8,1.8,.1,277,77,5.7,6.3,4.7,4.1,1.08,7.9
2020,68,36,24.6,9.8,16.9,80.1,24.2,49.8,1.11,20.84,0,22.9,17,20.1,18.2,17.8,18,2.6,2,276,38,8.7,5,5.2,4.4,.9,5.4
2020,69,36,23.9,8.5,16.1,96.6,29.3,65.4,.77,16.46,0,22.1,16.6,19.5,18.1,17.8,18,1.8,1.3,154,41,6.1,4.4,3.4,3.2,1.14,8.8
2020,70,36,22.8,13,16.1,100,39.2,86.2,.3,10.11,23.62,20.8,18.1,19.4,18.1,18,18.1,1.8,.5,347,64,8.4,5.1,1.7,2.3,1.55,13.5
2020,71,36,19.9,13.9,16.7,100,81.1,94.9,.11,6.79,1.02,19.6,17.5,18.5,18.1,17.9,18,1.4,1.1,283,32,4.4,4.1,.5,1.3,1.8,15.8
2020,72,36,20.9,12.8,17.3,99.9,71.3,88.9,.22,11.21,14.48,20,18.2,18.9,18.1,18,18,3.6,2.2,132,48,13.2,4.1,1.9,1.9,1.76,15.3
2020,73,36,22.8,8.2,15.5,97.6,35.4,76.6,.51,19.26,.51,20.9,15,17.9,18.1,17.8,18,1.9,.9,145,56,6.9,3.9,3.6,3.1,1.31,10.9
2020,74,36,22.5,9.9,16,99.8,47.4,81.2,.42,19.28,.25,22.2,16.3,19.2,18.1,17.9,18,1.7,1.3,107,42,5.6,4,3.5,3,1.45,12.4
2020,75,36,23.1,10.7,16.7,94.9,42,69.3,.7,21.71,0,23.3,16.7,19.8,18.4,18.1,18.2,1.4,.6,293,54,5.4,4.5,4.3,3.4,1.27,10.5
2020,76,36,23.3,8.5,15.8,97.2,35.2,65.6,.74,20.8,0,22.8,16.7,19.8,18.6,18.3,18.5,1.7,.4,190,63,8.3,4.1,4.2,3.5,1.13,8.7
2020,77,36,22.3,8.4,15.4,89.6,35.7,64,.73,19.97,0,22.8,16.8,19.7,18.7,18.4,18.5,1.5,.5,324,59,5.9,3.6,3.9,3.3,1.08,8
2020,78,36,15.1,9.3,12.1,98.6,59.7,84.2,.23,8.44,10.16,20.7,16.6,18.1,18.7,18.4,18.6,2.2,1,277,57,12.1,.7,1,1.6,1.19,9.4
2020,79,36,19.9,5.1,12.6,99.9,33.7,73.6,.48,20.78,0,19.9,13.8,16.7,18.4,17.8,18.1,1.8,1,160,52,7.6,2.2,3.7,3,1.03,7.3
2020,80,36,20.5,7.2,14.1,97.7,36.4,71.1,.57,18.66,.25,20.5,14.6,17.5,18,17.7,17.9,1.1,.7,319,42,3.8,2.7,3.3,2.8,1.09,8.2
2020,81,36,23.2,7.3,15.4,98.7,29.4,65.7,.76,23.01,0,22.3,15.2,18.5,18.1,17.8,17.9,1.3,.7,271,46,4.8,3.9,4.5,3.6,1.06,7.8
2020,82,36,24.5,9.8,17.3,95.6,27.8,64.1,.87,19.75,0,22.7,16.6,19.6,18.3,18,18.2,1,.3,339,57,5.2,5,3.8,3.3,1.19,9.4
2020,83,36,25.5,10.8,17.8,91.4,27.7,60.4,.94,21.96,0,23.6,17.7,20.6,18.7,18.3,18.5,1.7,.8,293,55,6.9,5.6,4.8,4.1,1.17,9.2
2020,84,36,24.8,7.9,16.6,88.4,21.1,53.9,1.06,23.97,0,23.5,17,20.2,18.9,18.6,18.8,1.4,.9,309,45,5.6,4.7,5.1,4,.93,5.8
2020,85,36,22.8,8.5,16.3,85.9,27.3,52.3,.98,17.62,0,21.6,17.7,19.9,19,18.8,18.9,2.6,1.9,285,42,10.6,3.9,4.1,4,.93,5.8
2020,86,36,20.7,9.6,14.9,72.2,20.1,44.9,1,24.01,0,21.7,17,19.3,18.9,18.6,18.8,5,4.4,262,30,11,3.1,6.6,5.5,.73,2.3
2020,87,36,19.9,5.7,12.9,81.3,22.3,49.5,.86,23.84,0,21.1,15.8,18.4,18.8,18.4,18.6,3.1,2.4,273,36,9.1,2.3,5.4,4.4,.69,1.8
2020,88,36,23.8,4.9,15.1,87.9,13.8,45.9,1.13,24,0,22.2,15.4,18.7,18.6,18.1,18.4,1.1,.3,231,61,7.2,3.8,5,3.8,.7,1.7
2020,89,36,25,7,16.8,81.5,12.2,45.5,1.26,24.48,0,22.8,16.8,19.8,18.6,18.3,18.5,2.5,1.8,282,39,7.2,4.7,6,5,.77,3
2020,90,36,27.1,8,17.7,81.4,16.8,46.1,1.33,24.6,0,23.6,17.2,20.3,18.7,18.5,18.6,1.8,1.2,294,44,5.8,5.8,5.7,4.8,.84,4.3
2020,91,36,24.8,8.8,16.7,89.8,25.6,57.2,.95,11.94,0,21.8,17.8,19.6,19,18.7,18.8,1.2,.7,290,49,4.1,4.9,2.4,2.9,1.05,7.5
2020,92,36,32,10.3,19.7,89.1,11.6,47.7,1.6,23.85,0,24,17.1,20.1,18.8,18.5,18.7,2.1,1.5,164,41,8.1,8.5,6.4,5.9,.92,5.4
2020,93,36,29.9,10.4,19.9,78.3,17.4,45,1.52,24.75,0,24.6,18.1,21.3,19.1,18.8,18.9,1.8,.8,303,57,6.8,7.8,6.1,5.3,.96,6.4
2020,94,36,28.4,8.3,19.1,85.5,9.9,44.1,1.51,25.28,0,24.7,18.5,21.6,19.4,19.1,19.2,1.9,1.4,277,38,5.5,6.5,6.2,5.2,.86,4.4
2020,95,36,28.9,7.8,19.3,78.5,12.1,40.7,1.61,24.9,0,24.8,18.5,21.6,19.6,19.3,19.4,1.5,.4,222,65,5.8,6.6,5.9,4.9,.8,3.5
2020,96,36,28.6,10.8,19.2,86.4,18.6,46.6,1.38,25,0,24.9,19,21.9,19.7,19.4,19.6,2.5,.4,272,73,8.3,7.2,6.2,5.7,.95,6.2
2020,97,36,26.2,10.4,18.7,73,24.7,45.8,1.3,24.91,0,24.9,19.1,22,19.9,19.6,19.7,2.2,1,350,60,6.1,5.9,5.8,5.1,.94,6
2020,98,36,26.7,11.1,18.8,86.8,23.6,54.6,1.15,24.75,0,24.9,19.2,22,20,19.7,19.8,2.3,1.1,130,55,7.2,6.3,5.9,5.1,1.11,8.4
2020,99,36,18.8,9.1,13,94.2,46.5,74.7,.41,15.4,6.6,23,18.7,20.3,20.1,19.7,19.9,2.5,1.5,286,48,15.4,2.2,2.6,2.9,1.11,8.4
2020,100,36,21.1,5.9,13.9,98.2,26.6,64.2,.71,25.89,0,22.5,15.5,18.7,19.7,19,19.4,1.4,.9,321,45,4.9,2.8,4.9,3.9,.95,6.1
2020,101,36,21.7,8.1,14.9,96.3,37.1,72.6,.56,15.86,2.03,21.3,17.1,19.2,19.3,19,19.2,3.1,1.9,279,51,9.9,3.3,3.1,3.4,1.18,9.4
2020,102,36,21.5,8.8,14.8,100,38.1,75.5,.52,24.23,.25,22.6,16.7,19.4,19.2,18.9,19,2,1.3,271,47,5.9,3.4,4.5,3.8,1.22,9.8
2020,103,36,26.6,12.4,18.6,95.7,28.1,65.4,.93,25.46,0,23.8,17.6,20.5,19.2,19,19.1,3.4,2.5,163,41,10.5,6.7,6.1,5.5,1.31,10.9
2020,104,36,26.9,11.5,19.1,84.8,27,52.3,1.22,26.05,0,24.2,18.2,21.1,19.5,19.2,19.3,3.2,2.9,277,26,9.3,6.6,6.6,5.8,1.09,8.2
2020,105,36,28.5,11,19.4,89.1,9.5,45.6,1.52,26.63,0,24,18.7,21.3,19.7,19.4,19.5,3.4,2.8,356,34,11.4,7.2,7.8,6.7,.87,4.4
2020,106,36,29.1,7.3,19,70.7,7.1,32.7,1.8,27.41,0,24.6,17.8,21.1,19.8,19.4,19.6,1.5,.6,314,58,8.3,6.6,6.7,5.4,.61,-.4
2020,107,36,31.1,10.6,20.7,68.8,10.9,36.5,1.86,26.85,0,25.1,18.6,21.8,19.8,19.5,19.7,2.5,1.9,152,40,7.3,8.2,7.4,6.7,.78,3.3
2020,108,36,29.3,10.9,19.6,72,14.5,44.2,1.5,25.93,0,25.2,19.4,22.2,20,19.8,19.9,2.7,.7,219,68,9.5,7.6,6.9,6.2,.93,5.8
2020,109,36,26.7,9.1,17.9,79.3,25.1,52.5,1.13,26.69,0,24.3,19,21.7,20.2,19.9,20,2.9,2.3,265,34,9.6,5.9,6.7,5.7,1.03,7.3
2020,110,36,28.9,9.9,19.5,79.1,18.7,48.8,1.4,25.14,0,24.8,19,21.9,20.2,19.9,20,1.9,1,190,52,7.1,7.1,6.1,5.4,1.01,7.1
2020,111,36,29.6,10.9,20.5,78.5,18.1,47.2,1.52,26.93,0,25.4,19.4,22.4,20.3,20,20.1,2.3,1.8,267,35,7.6,7.7,6.8,6,1.03,7.3
2020,112,36,28.1,12,20.4,72.5,21.9,48.5,1.4,27,0,25.2,20,22.6,20.5,20.2,20.3,3.1,2.5,266,35,10.9,7.3,7.1,6.2,1.1,8.3
2020,113,36,34.7,13.4,23.6,88.1,10.6,50.1,1.87,27.05,0,26.9,20.3,23.4,20.6,20.3,20.5,1.7,1.2,272,42,7.6,10.3,6.9,6.3,1.28,10.5
2020,114,36,37,13.6,25.4,81.5,11.1,40.6,2.38,27.29,0,27.7,21.1,24.3,21,20.6,20.8,1.2,.3,245,62,4.3,10.9,6.9,6,1.16,9
2020,115,36,38.1,15.9,27.2,79.2,8.4,36.8,2.83,27.36,0,28.2,22.1,25.1,21.4,21,21.2,1.9,1.3,352,40,7.6,12,7.9,7.1,1.12,8.3
2020,116,36,39.3,15.4,27.6,74.9,8,37.1,2.92,27.76,0,28.9,22.3,25.5,21.7,21.4,21.5,1.2,.4,277,61,5.2,12,7.3,6.4,1.16,8.8
2020,117,36,39.8,16.8,28.4,69.6,9.4,35.9,2.96,27.57,0,29.5,23.2,26.3,22.1,21.7,21.9,1.5,1,275,43,5.8,12.7,7.6,6.9,1.24,10
2020,118,36,37.7,15.5,27.1,70,9.1,35.8,2.73,28.1,0,29.2,23.3,26.3,22.4,22.1,22.2,1.7,1,256,48,6.3,11.8,7.8,6.9,1.15,8.9
2020,119,36,37.8,15,26.6,78.1,12,39.2,2.59,27.63,0,29.4,23.1,26.2,22.6,22.2,22.4,1.4,.5,207,60,4.3,11.6,7.3,6.5,1.19,9.5
2020,120,36,39.6,15.4,27.3,70.8,7.4,35.3,2.88,27.28,0,29.4,23.3,26.3,22.8,22.4,22.6,1.8,1.2,170,46,4.8,12,7.8,7.3,1.1,8.2
2020,121,36,36.6,16.9,26.6,74.8,12.1,37.7,2.54,21.84,0,28.3,23.6,26.1,22.9,22.6,22.8,1.4,.3,210,68,4,12.3,5.8,5.8,1.19,9.4
2020,122,36,38.1,15.2,26.6,82.3,8.7,39.3,2.64,28.34,0,29.4,22.9,26,23,22.6,22.8,1.2,.3,269,65,5.1,11.8,7.4,6.4,1.17,9
2020,123,36,36,15.3,25.4,85.2,10.9,39.2,2.36,28.23,0,29.3,23.3,26.3,23.1,22.8,22.9,1.8,1,278,50,6.5,11.5,7.6,6.9,1.12,8.5
2020,124,36,35.1,13.3,25,85.1,11.6,40,2.3,28.45,0,29.1,23,26.1,23.2,22.8,23,1.3,.7,228,51,5.2,10.4,7.2,6.2,1.13,8.6
2020,125,36,36,14.9,25.4,86.3,11.4,43.8,2.21,28.64,0,29.3,23.3,26.3,23.2,22.9,23.1,1.6,.7,305,56,5.8,11.3,7.5,6.6,1.28,10.4
2020,126,36,39.9,14.8,26.7,80.9,5.9,43.5,2.58,28.57,0,30,23.4,26.6,23.3,23,23.2,1,.3,217,60,3.8,11.9,7.2,6.3,1.29,10.6
2020,127,36,42.6,14.4,28.2,83.9,5.4,41,3,28.6,0,30.3,23.6,27,23.5,23.1,23.3,.9,.2,86,62,5,11.9,7.3,6.4,1.29,10.5
2020,128,36,40.7,17,28.6,76.7,9.3,39.8,2.87,28.04,0,30.8,24.4,27.5,23.7,23.4,23.5,1.1,.2,141,67,5.6,12.9,7.2,6.5,1.39,11.7
2020,129,36,40,17.7,28.1,84.3,15.3,46.2,2.5,26.81,0,31,25.1,28,24,23.7,23.8,1.5,.7,161,55,7.4,13.1,7.2,6.9,1.6,14
2020,130,36,37.6,18.8,27.5,77.5,15.9,46,2.33,25.86,0,30.5,25.3,27.9,24.2,23.9,24,2.3,1.7,150,40,8.1,13.3,7.5,7.3,1.57,13.5
2020,131,36,37.4,19.8,28.2,79.7,14.7,40.5,2.59,25.22,0,30.2,25.8,27.9,24.2,24,24.1,2.8,2.1,149,39,9.2,13.7,7.9,7.9,1.42,12
2020,132,36,35.9,17.4,26.2,84.6,15,46.2,2.16,28.07,0,30.4,24.9,27.6,24.3,24,24.2,2.1,1.4,178,44,6.7,12.4,7.6,7.1,1.43,12.2
2020,133,36,32.7,13.1,23.6,68.4,10.5,35.4,2.1,28.55,0,29.5,23.9,26.8,24.4,23.9,24.1,3.4,3,264,29,10.6,9.7,8.4,8.1,.96,6.3
2020,134,36,31.4,15,23.1,72.8,17.3,44,1.76,28.47,0,28.7,23.2,26,24.1,23.6,23.9,2.7,2.1,267,38,9.2,10.2,7.3,7,1.17,9.3
2020,135,36,32.8,14.1,23.6,85.1,15.3,49.1,1.81,26.46,0,28.7,23.3,26,23.9,23.5,23.7,1.1,.6,242,50,5.5,10.2,6.2,5.5,1.28,10.5
2020,136,36,33.8,15.6,24.9,86.4,16.2,48.7,1.94,28.29,0,29.5,23.5,26.5,23.9,23.5,23.7,1.1,.5,253,52,5.9,11.2,6.8,5.9,1.38,11.6
2020,137,36,35.4,15.3,25.3,89.8,17.7,51.7,1.95,28.4,0,29.9,23.9,26.9,24,23.6,23.8,1.8,1.4,155,38,6.8,11.3,7.3,6.7,1.51,13
2020,138,36,35.2,16.4,25.7,84.6,20,49.1,2.04,28.43,0,29.3,24.3,26.9,24.1,23.8,24,2.8,2.5,136,27,8,11.8,8.2,7.6,1.47,12.6
2020,139,36,35.6,15.9,26.1,88,13.8,46.6,2.19,28.95,0,30.5,24.3,27.3,24.2,23.9,24,1.6,.8,275,53,7.2,11.7,7.4,6.7,1.39,11.6
2020,140,36,27.5,15.8,21.8,58.1,15.1,36.3,1.75,29.35,0,28.5,23.2,25.6,24.3,23.8,24.1,5.6,4.6,255,34,11.1,8.9,9.4,8.5,.9,5.2
2020,141,36,30.9,10.1,20.8,80.4,10.3,41.9,1.74,29.55,0,28,21.3,24.6,23.9,23.2,23.5,1.4,.8,285,47,5.9,8,6.9,5.9,.91,5.4
2020,142,36,35.3,11.5,23.3,81,8.9,41.5,2.15,29.57,0,29,22.1,25.5,23.6,23.2,23.4,.9,.4,222,53,5.3,9.8,7,5.8,1.02,7
2020,143,36,33.9,13.7,24.2,83.3,11,44.3,2.1,29.06,0,29.4,23.2,26.7,24.9,23.4,24,2.2,1.7,149,35,9.1,10.3,8.1,7.1,1.17,8.8
2020,144,36,33.2,12.5,23.4,83.6,14.3,42.9,1.93,29.09,0,27.8,22.6,25.2,25,24.2,24.6,1.6,1,244,45,6,9.6,7.3,6.3,1.12,8.6
2020,145,36,35.3,14.4,24.8,80.6,5.7,44.3,2.17,29.59,0,28.3,23.4,25.8,24.5,24.2,24.4,1,.2,249,62,5.7,11,7.2,6,1.21,9.5
2020,146,36,36.3,13.1,25.6,85.2,9.1,43,2.45,29.65,0,27,23,24.9,24.5,24.2,24.4,2,1.2,346,44,8.6,10.5,8.5,7.3,1.16,8.8
2020,147,36,41.2,15.1,28.2,81.6,6.1,41.1,2.93,29.73,0,27.9,22,24.9,24.3,23.9,24.1,.7,.4,158,43,3,12.1,7.3,6.1,1.34,11.1
2020,148,36,39.7,17.4,28.4,73.9,10.7,39.1,2.85,29.37,0,28,23.1,25.6,24.3,24.1,24.2,1.7,1.3,157,37,5.2,12.9,8.2,7.5,1.35,11.4
2020,149,36,39.6,15.2,28.2,85.7,12.1,41.2,2.81,29.35,0,27.8,22.9,25.4,24.5,24.2,24.3,1.9,1.3,146,40,6,12,8.3,7.7,1.39,11.7
2020,150,36,40.2,16.8,28.5,83.3,13.4,44.5,2.7,28.82,0,29.4,23,26,24.5,24.2,24.4,2.1,1.3,143,47,7.2,12.7,8.3,7.9,1.55,13.4
2020,151,36,37.8,17.2,28.3,81.6,10.7,33.8,2.92,27.45,0,30.2,24.1,27,24.8,24.5,24.6,2.1,1.5,280,39,7.5,12.6,8.2,7.6,1.14,8.5
2020,152,36,38.6,15.5,27.4,83,10.7,40.1,2.69,28.89,0,30.9,23.7,27.1,25,24.6,24.8,1.4,.7,281,53,5.4,12,7.6,6.9,1.27,10.3
2020,153,36,38.6,16.1,27.8,82.9,18,48.4,2.39,28.38,0,31.7,24.5,28,25.1,24.8,25,1.4,1,152,37,6.3,12.3,7.4,6.7,1.65,14.3
2020,154,36,40.5,18.5,29.6,82.2,15,46.3,2.75,27.99,0,32.3,25.5,28.9,25.5,25.1,25.2,1.4,.6,222,60,5.3,13.4,7.5,7,1.73,15.2
2020,155,36,42.7,21.1,31.4,65.1,12.1,36.9,3.45,26.23,0,32.9,26.5,29.6,25.8,25.4,25.6,1.3,.9,212,42,4,14.7,7.3,7,1.52,13.2
2020,156,36,41.7,20.1,31.2,72.7,12.2,35.5,3.45,28.83,0,33.3,26.7,30,26.1,25.8,25.9,1.8,1.3,150,37,7.4,14.2,8.5,7.9,1.44,12.1
2020,157,36,37.4,18.7,28,74.4,15.3,39.6,2.56,28.18,0,32.3,26.9,29.7,26.3,26,26.2,3.1,1,181,64,9.6,13.2,8.7,8.6,1.41,11.9
2020,158,36,33.2,15.3,24.4,85.7,22.7,43.2,1.97,28.83,0,29.5,25.4,27.7,26.4,26,26.2,2.1,1.6,248,38,7.8,10.9,7.6,6.9,1.24,10.1
2020,159,36,34.8,13.9,24.5,84.9,11.2,38.6,2.27,30.18,0,28.1,23.6,26,26.2,25.6,25.9,1.9,1.3,258,45,6.6,10.6,8.1,7.2,1.04,7.4
2020,160,36,32.1,13,23.8,72.5,4.6,24.1,2.52,30.74,0,26,22.2,23.7,25.7,25,25.4,3.4,2.4,336,43,10.1,9.5,9.9,8.7,.59,-1.6
2020,161,36,36,10.2,24.1,70.2,5.1,29.6,2.68,30.75,0,25.5,19.6,22.6,25.1,24.2,24.6,1.3,.8,321,44,6.6,9.5,8.1,6.6,.7,1.6
2020,162,36,39.9,12.3,27.2,72.8,4.9,32.2,3.1,30.56,0,27.4,20.7,24,24.4,24,24.2,.9,.3,216,56,3.5,10.6,7.8,6.5,.96,6.1
2020,163,36,41.4,14.1,28,73.3,5.7,35.9,3,30.07,0,30.2,22.2,26,24.6,24.2,24.4,1.1,.8,151,37,4.6,11.7,7.9,6.9,1.21,9.7
2020,164,36,41.2,15,28.8,76.7,5.6,32,3.32,29.71,0,31.2,23.6,27.3,25,24.6,24.8,1.6,.6,195,56,6.1,12.1,8.4,7.7,1.06,7.2
2020,165,36,37.5,18,28.2,52.1,5.3,18.3,3.41,30.18,0,30.6,24.4,27.5,25.3,25,25.1,3,2.4,278,35,7.3,12.9,9.9,9.5,.63,.3
2020,166,36,36.7,13.3,26.5,74.2,10.3,31.6,2.79,29.74,0,31,24,27.5,25.4,25,25.2,1.4,.5,284,57,4.9,10.7,7.8,6.8,.95,6
2020,167,36,37.8,17,27.9,86.9,13.1,42,2.63,29.64,0,31.8,24.9,28.3,25.5,25.2,25.4,1.9,1.6,142,33,7.4,12.6,8.2,7.5,1.4,11.9
2020,168,36,39.2,18.3,28.9,59.7,13.1,35.6,2.91,29.24,0,32.6,25.7,29.1,25.8,25.4,25.6,1.3,.5,176,59,6.3,13.3,7.8,6.9,1.34,11.1
2020,169,36,37.6,16.7,28.1,84.5,12.9,41.4,2.69,28.91,0,32.4,26.1,29.3,26,25.7,25.9,1.4,.4,206,64,6.5,12.4,7.7,6.9,1.37,11.3
2020,170,36,37.7,18.7,28.9,80.6,11.6,37.7,2.88,28.87,0,30.2,26,28.1,26.6,26,26.3,1.5,.2,177,73,5.4,13.2,7.8,7,1.33,10.9
2020,171,36,39.7,17.8,29.1,83.6,12.8,42.5,2.79,29.57,0,29.6,24.7,27.2,26.3,25.7,26,1,.4,157,52,4.1,13.2,7.5,6.6,1.53,13.2
2020,172,36,40.8,18.6,29.3,80.4,8.6,39.8,2.99,30.35,0,29.5,24.7,27.1,26,25.6,25.8,1.2,.9,152,37,5.2,13.5,8.1,7.2,1.4,11.7
2020,173,36,41.8,17.9,29.9,79.9,8.6,35.4,3.29,30.22,0,30,24.2,27,25.9,25.5,25.8,1.6,1.3,152,38,5.4,13.4,8.5,7.9,1.32,10.9
2020,174,36,40.3,17.5,29.2,73.6,9.6,36.4,3.04,30.45,0,31.9,24.6,28,26,25.7,25.8,1.6,1.2,141,37,9.9,13.1,8.4,7.6,1.35,11.3
2020,175,36,41,16.3,29.2,75.3,11.8,37.8,3.06,29.68,0,32.5,25.3,28.9,26.3,25.9,26.1,1.9,1.4,153,39,7.4,12.6,8.5,8,1.39,11.7
2020,176,36,42.5,17.7,30.1,74.3,8.4,34.8,3.3,29.88,0,33.2,26.2,29.6,26.5,26.2,26.3,1.6,1.2,154,38,5,13.4,8.4,7.9,1.35,11.4
2020,177,36,41.2,17.3,30.2,66.5,12.6,34.8,3.27,29.85,0,33.6,26.6,30.1,26.8,26.4,26.6,1.7,1.1,144,46,6.3,13.1,8.5,7.8,1.41,11.8
2020,178,36,42.2,19.5,31.1,67.6,10.2,34.6,3.38,29.12,0,34,27.5,30.7,27,26.7,26.9,1.7,1.3,150,39,6.3,14,8.5,8,1.48,12.7
2020,179,36,41.6,18.9,30.2,85.4,13.9,45.2,2.89,29.33,0,34,27.7,30.9,27.3,27,27.1,2.2,1.7,143,36,6.9,13.7,8.4,8.3,1.74,15.1
2020,180,36,39.9,22.5,30.3,62.7,16,39.9,2.85,27.69,0,33.3,28.1,30.7,27.5,27.2,27.3,2.8,2.2,131,36,7.9,15.1,8.6,8.8,1.63,14.2
2020,181,36,35.8,19.8,27.7,51.5,14.1,29.9,2.8,28.98,0,32.4,27.4,30,27.5,27.1,27.3,2.6,2.1,286,34,6.9,13.5,8.7,8.3,1.04,7.4
2020,182,36,38.6,16.1,28.2,70.2,14.7,35.3,2.87,28.95,0,33,26.5,29.7,27.4,27,27.2,1.5,.4,131,64,6.7,12.3,7.8,7.1,1.25,10.2
2020,183,36,39,17.2,28.6,60.5,11.6,31.3,3.05,29.35,0,33.3,27,30.2,27.4,27,27.2,1.7,1.4,132,31,8.1,12.8,8.3,7.5,1.14,8.7
2020,184,36,39.1,19.9,30.6,72.1,14.4,40,3.04,29.15,0,33.3,27.3,30.4,27.5,27.1,27.3,2.5,2.2,150,27,10.7,13.9,9,8.4,1.59,13.8
2020,185,36,41,21.8,32,83.7,19.3,44.2,3.09,28.67,0,36.2,28.2,31.2,28,27.3,27.5,1.5,.7,170,57,7.4,14.8,8,7.4,1.93,16.9
2020,186,36,42.7,22.8,33.4,82.2,14.2,37.9,3.73,28.9,0,31.8,28.3,30.1,28.3,27.9,28.1,1.3,.7,228,49,5.9,15.3,8.2,7.4,1.71,14.9
2020,187,36,44.2,21.7,34,75.9,6.7,31,4.29,29.52,0,31.5,28.1,29.9,28.1,27.9,28,1.6,.9,253,47,6.1,15.1,8.9,8.1,1.38,11.3
2020,188,36,44.6,19.7,32.5,76.1,11.4,37.4,3.63,29.59,0,31.7,27.3,29.6,28.2,27.8,28,1.9,1.4,167,41,6.7,14.2,8.9,8.6,1.66,14.5
2020,189,36,44.7,21.7,33.4,80.3,11.4,42,3.56,28.47,0,31.5,27,29.2,28.1,27.7,27.9,1.9,1.1,190,52,6.4,15,8.5,8.4,1.96,16.8
2020,190,36,42.7,21.9,32.4,78,10.9,39.8,3.3,28.76,0,31,26.5,28.8,28,27.6,27.8,1.8,1.3,130,43,6.7,15,8.3,8.1,1.83,15.7
2020,191,36,40.3,20.8,31.8,66.6,16,37.4,3.29,28.58,0,31.2,26.3,28.8,27.9,27.5,27.7,2.1,1.8,149,31,5.9,14.4,8.6,8,1.65,14.3
2020,192,36,43,24.2,33.1,72.3,13.7,39.8,3.49,26.19,0,33.2,27.1,29.9,27.8,27.5,27.6,1.9,1.2,162,44,6.9,15.8,8,7.9,1.84,16
2020,193,36,42.8,23.8,32.7,82.2,16.5,46.5,3.03,19.15,0,32.6,28.4,30.4,28,27.8,27.9,2.1,1.3,157,47,8.4,15.7,5.9,6.9,2.14,18.4
2020,194,36,45.7,25.1,36,66.2,13.4,34,4.56,27.37,0,34.7,28.5,31.5,28.2,27.9,28,1.7,1.2,221,37,5.4,16.2,8.6,8.1,1.78,15.6
2020,195,36,45,26.2,35,65.3,14.2,37,3.98,27.17,0,35.5,29.6,32.5,28.6,28.2,28.4,2,1.4,155,40,8.1,16.4,8.5,8.5,1.93,16.9
2020,196,36,43.8,24.8,33.8,77.4,10.1,44.1,3.44,28.22,0,35.7,29.9,32.8,28.9,28.6,28.7,1.8,.8,173,57,7.3,16,8.3,8.1,2.11,18.1
2020,197,36,43.2,21.1,32.6,75.5,7.3,28.1,3.99,29.03,0,35.2,29.4,32.4,29.1,28.8,28.9,1.2,.3,269,62,4.7,14.7,8.2,7.3,1.22,9.4
2020,198,36,41.3,20.6,31.8,69.2,13.2,38.2,3.34,28.78,0,35,29.1,32.1,29.2,28.8,29,1.9,1.5,151,34,6.4,14.4,8.5,7.9,1.66,14.5
2020,199,36,42.4,23.4,32.8,84.5,13.2,45,3.18,28.48,0,35.4,29.6,32.4,29.1,28.8,29,2.6,2.1,145,38,7.5,15.5,8.7,8.9,2.05,17.6
2020,200,36,43.8,21.3,32.8,80.3,14.6,43.2,3.37,28.19,0,35.7,29.5,32.5,29.2,28.9,29.1,1.7,.7,161,57,6.9,14.9,8.1,7.8,1.97,17.1
2020,201,36,45,22.9,34,69.3,6.2,28.1,4.59,28.79,0,35.1,29.7,32.5,29.4,29,29.2,2.1,1.6,248,37,7.4,15.5,9.6,9,1.17,8.5
2020,202,36,44.4,19.2,32.5,62.4,6.3,31.1,4.04,29.25,0,35.3,28.9,32.1,29.4,29,29.2,1.5,1,148,44,5.4,14.1,8.4,7.9,1.3,10.2
2020,203,36,41.9,22.1,32.2,78.4,15.9,48.1,2.91,28.13,0,35.1,29.3,32.2,29.4,29,29.2,2.8,2.4,144,28,8.8,15,8.7,8.7,2.17,18.6
2020,204,36,41.1,24.1,33.2,79.9,21.3,49.8,2.92,27.8,0,35.5,30.2,32.8,29.3,29.1,29.2,3,2.7,145,27,10.5,15.7,8.8,8.7,2.36,20
2020,205,36,39.3,23.9,31.5,85.4,15.1,47.2,2.77,27.98,0,35.2,30,32.6,29.5,29.2,29.3,2.7,2.3,127,27,8.1,15.6,8.6,8.3,2.03,17.2
2020,206,36,40.2,22.7,31.2,78.8,16,48,2.8,28.25,0,34.9,29.4,32.1,29.5,29.1,29.3,2.7,2.3,132,31,7.2,15.1,8.6,8.5,1.99,17
2020,207,36,42.5,20,31.9,61.7,12.4,33.3,3.6,28.23,0,35.1,28.7,31.9,29.4,29,29.2,1.9,1.2,144,45,6.3,14.2,8.5,8,1.45,12.2
2020,208,36,43,21.9,33.5,57.1,12.3,28.1,4.15,27.56,0,35.3,29.3,32.3,29.4,29,29.2,1.7,.9,202,51,6.7,15.1,8.5,7.7,1.35,11.3
2020,209,36,44.5,24,34.7,59,6.3,25.1,4.7,28.35,0,35.8,29.8,32.7,29.5,29.1,29.3,1.7,.7,193,55,7.2,15.8,9,8.1,1.19,8.9
2020,210,36,46.7,22.4,34.7,57.8,7.2,26,4.81,27.82,0,35.8,29.4,32.5,29.6,29.2,29.4,1.5,.6,213,60,5.1,15.3,8.6,8,1.23,9.7
2020,211,36,44.8,24.3,34.5,74.6,14.4,45.3,3.5,27.06,0,36.1,30.2,33.1,29.6,29.3,29.5,2.6,1.8,156,42,7.2,15.9,8.4,9,2.27,19.3
2020,212,36,45.7,26.1,35.9,79.2,14,43.5,3.94,26.86,0,36.4,31,33.6,29.8,29.5,29.6,2.3,1.3,175,50,6.2,16.5,8.4,8.8,2.29,19.3
2020,213,36,46.4,28.1,36.1,79.7,13.3,43.8,3.96,26.85,0,36.9,31.5,34.1,30,29.7,29.9,2.9,2.2,160,40,7.3,16.9,8.8,9.9,2.35,19.8
2020,214,36,43.3,28.5,35.5,76.4,23.8,45.2,3.54,26.42,0,36.2,31.7,33.9,30.2,30,30.1,4.8,4.2,140,27,10.3,17.1,9.9,11,2.45,20.6
2020,215,36,43.2,26.9,35.1,67.1,19.6,44.1,3.55,26.56,0,35.8,31.2,33.5,30.3,30,30.1,3.4,2.9,149,32,10,16.7,9.4,9.6,2.34,19.9
2020,216,36,44.7,24.4,34.8,76.4,9.5,40.9,3.94,26.19,0,35.5,30.5,33.1,30.3,29.9,30.1,2.3,1.1,172,56,7.8,16,8.5,8.6,1.95,16.4
2020,217,36,45.1,26.6,34.8,74.6,8.3,42,3.76,26.51,0,36.2,30.9,33.4,30.2,29.9,30.1,3.4,2.7,149,36,10.1,16.6,9.3,10.2,2.09,17.8
2020,218,36,43,22.6,33,70.4,7.3,32.5,4,27.89,0,35.1,29.9,32.6,30.3,29.9,30.1,2.3,1.3,244,52,8.6,15.2,9.1,8.8,1.37,10.6
2020,219,36,42.3,18.6,32.1,53.7,4.9,19.9,4.36,27.68,0,35.1,28.7,31.9,30.2,29.6,29.9,1.8,.8,275,55,7.3,13.7,8.6,7.8,.79,3.2
2020,220,36,42,19.2,32,57.4,5.9,21.5,4.17,27.3,0,34.7,28.6,31.6,30,29.5,29.7,1.7,.7,298,57,5.3,13.8,8.4,7.5,.91,4.4
2020,221,36,42.5,20.7,32.5,76.7,6.9,29.6,4.03,25.9,0,34.6,29,31.8,29.8,29.4,29.6,1.5,1.1,284,40,5.7,14.6,7.8,7.1,1.19,8.6
2020,222,36,44,21.4,33.5,50.6,5.2,20.3,4.7,26.04,0,35,28.7,31.8,29.7,29.3,29.5,1.8,.8,233,55,6.3,14.9,8.5,7.8,.88,4.8
2020,223,36,43.9,19.1,33.3,50.7,6.7,25.2,4.36,25,0,35.1,28.7,31.9,29.7,29.3,29.5,2.5,1.9,149,38,9.1,14,8.7,8.9,1.16,8.4
2020,224,36,43.5,26.7,35,85.1,18.2,46.5,3.48,23.92,0,36.2,30.6,33.2,29.7,29.4,29.5,3.1,2.6,145,32,7.7,16.6,8,8.9,2.37,19.7
2020,225,36,44.3,27.6,35.7,68.7,18.6,39.1,3.91,23.36,0,36.6,31,33.7,30,29.7,29.8,2.2,1.3,153,51,8.8,16.9,7.7,8,2.16,18.6
2020,226,36,46.3,27,37.2,60.1,11.8,27.5,5.05,22.17,0,36.1,31.4,33.8,30.2,30,30.1,1.4,.9,264,44,6.8,16.8,7.3,6.9,1.58,13.6
2020,227,36,46.1,27.9,37.2,40.6,14.4,27.5,4.96,23.38,0,36.8,31.1,33.8,30.3,30,30.2,2.4,1.9,179,35,7.8,17,8.3,8.7,1.69,14.7
2020,228,36,44,30.6,36.5,71.4,24.6,43.5,3.69,22.44,0,36.9,32.2,34.4,30.5,30.3,30.4,3.8,3.2,144,32,9.4,17.2,8.3,9.6,2.55,21.2
2020,229,36,45.1,29.4,37.7,59.2,16.4,36.7,4.49,24.32,0,36.9,32,34.4,30.7,30.4,30.5,3.1,1.9,146,51,12.4,17.2,8.8,9.5,2.23,19.1
2020,230,36,45,32.9,38.3,53.2,18.1,33.2,4.74,23.89,0,36.9,32.8,34.7,30.8,30.6,30.7,3.5,2.4,157,45,10,17.2,9.2,10.2,2.14,18.5
2020,231,36,44.4,29.1,37.4,60.9,17.1,32.4,4.59,23.82,0,36.9,32.3,34.5,30.9,30.7,30.8,3.7,2.7,151,41,12.9,17.2,9.3,10.1,1.99,17.2
2020,232,36,44.7,28,35.8,63.7,16.1,41.4,3.84,23.83,0,36.5,32,34.2,31,30.7,30.8,3.1,2.7,152,30,7.4,16.9,8.5,9.2,2.27,19.4
2020,233,36,41.6,29.1,34.9,73,29.2,49.6,3.01,23.24,0,35.6,32.2,33.8,31,30.7,30.8,4.9,4.5,135,24,10.9,17.1,9,9.8,2.68,22.2
2020,234,36,39.3,29.3,33.3,68.5,33.9,53.7,2.46,13.58,0,34,31.9,33,30.9,30.6,30.7,4.3,3.7,140,30,10.6,17.2,5.6,7.3,2.7,22.3
2020,235,36,41.6,28.3,34,75,25,50.6,2.89,22.61,0,35.2,30.9,32.9,30.7,30.3,30.5,3,2.2,142,40,8.4,16.9,7.5,8,2.56,21.4
2020,236,36,44.5,25.6,35.1,75.1,19.1,41.1,3.81,24.3,0,35.8,30.6,33.2,30.6,30.3,30.5,1.7,.4,247,67,6.8,16.2,7.6,7.2,2.11,18.3
2020,237,36,46.5,27.7,37.3,60.2,15.6,31.6,4.84,23.2,0,35.8,31.1,33.5,30.7,30.4,30.5,2,1.2,252,44,7.9,16.8,8.1,7.9,1.87,16.4
2020,238,36,46.4,30,38.2,53.3,12.4,28.7,5.17,23.19,0,36.2,31.8,33.9,30.8,30.5,30.7,2,1.3,248,45,6.4,17.2,8.2,8.1,1.79,15.5
2020,239,36,46.3,29,37.3,64.7,10.8,33.8,4.72,22.86,0,35.8,32,33.9,30.9,30.7,30.8,2,1.4,245,44,6.3,17.2,7.9,7.9,1.92,16.2
2020,240,36,46.1,29,36.8,63.9,6.4,29,4.98,22.84,0,35.4,31.7,33.5,31,30.7,30.9,2,1.2,263,47,7.4,17.1,8.2,7.9,1.52,11.9
2020,241,36,45.4,24.7,35.8,56.1,7.5,25.1,4.82,22.29,0,35.2,30.5,32.9,31,30.5,30.7,2.3,1.3,201,51,6.8,16,8,8.2,1.37,10.7
2020,242,36,40.8,30.8,34.7,78.5,28.1,54.7,2.69,22.08,0,35.3,32.5,33.8,30.8,30.6,30.7,5.7,5.2,129,24,10.5,17.2,8.5,9.8,2.93,23.6
2020,243,36,40.2,28.7,33.5,81,28.9,55.7,2.47,23.16,0,35.2,32,33.5,30.9,30.6,30.8,5.1,4.5,128,27,12.4,17,8.3,9.2,2.79,22.7
2020,244,36,40.2,26.6,33.3,72.2,31.4,48.2,2.84,22.17,0,35.3,31.2,33.2,30.8,30.5,30.7,3.2,2.6,141,33,7.8,16.5,7.3,7.8,2.4,20.4
2020,245,36,41.1,27.8,34,77.7,16.7,43,3.34,23.58,0,35.3,31.2,33.2,30.8,30.5,30.6,3.7,3.3,138,26,8.8,16.8,8.4,9.1,2.12,18
2020,246,36,40.1,27.8,33.2,82.7,28.8,56.7,2.46,22.95,0,33.5,29.2,31.8,30.8,30.5,30.7,4,3.4,143,31,8.9,16.8,7.5,8.3,2.75,22.5
2020,247,36,42.4,25.6,33.8,86,17.9,49,3.17,23.28,0,32.2,29.5,30.9,30.8,30.2,30.5,2,1.1,175,53,7.2,16.3,6.9,7,2.32,19.4
2020,248,36,45.8,25,35.7,71.1,11.4,33.3,4.6,23.27,0,31.5,28.6,30,30.4,30,30.1,1.6,.6,298,59,5.7,16.2,7.4,7,1.65,14.2
2020,249,36,47.3,25.8,36.3,59.6,7.3,25,5.09,23.38,0,30.6,28,29.3,30.1,29.7,29.9,2.7,.8,107,64,9.8,16.3,9.1,9.3,1.36,11.4
2020,250,36,46.9,25.8,35.9,62.5,9.2,29.3,4.8,23.24,0,31.3,27.6,29.3,29.8,29.4,29.6,2.3,1.4,152,49,8.1,16.4,8.2,8.4,1.54,13.1
2020,251,36,43.1,27.8,33.5,89.1,23.9,54.2,2.7,20.74,0,31.9,28.5,30,29.6,29.4,29.5,4.2,3.8,133,25,9,16.8,7.3,9,2.67,21.9
2020,252,36,37.7,26.8,31.2,75.7,8.5,41.7,2.76,13.18,0,30.6,27.6,29.3,29.7,29.5,29.6,5.7,3.2,58,54,12.7,16.5,7,9.1,1.84,12.8
2020,253,36,34.1,20.3,27.7,20.1,5.7,12.8,3.35,24.16,0,27.9,25.2,26.7,29.5,28.7,29.1,6.3,5.1,326,36,13.7,13.4,11.6,11.7,.46,-4
2020,254,36,35.3,14.9,25.7,38.1,8.1,17.9,2.98,21.52,0,27.8,24.2,26.1,28.7,28,28.4,3.2,2.1,350,46,9.6,11.2,8.1,7.9,.54,-1.6
2020,255,36,35,15.9,24.8,48.9,9,24.1,2.67,14.01,0,27,24.1,25.6,28.1,27.5,27.8,1,.4,326,50,6.1,11.6,4.2,4.1,.68,1.3
2020,256,36,38.1,14.6,26.9,49.3,9.9,25.1,3.11,20.73,0,28.1,23.7,25.8,27.6,27.1,27.4,1.3,.5,48,56,6.7,11.5,6.1,5.4,.79,3.5
2020,257,36,39.7,17.3,28.2,45.8,11.1,24.2,3.29,18.41,0,28.3,24.5,26.3,27.4,27,27.2,1.1,.1,127,69,7.2,12.9,5.4,4.9,.85,4.5
2020,258,36,40.8,20,30.6,53.8,12.1,27.8,3.61,21.37,0,29.3,25.1,27.1,27.3,27,27.2,1.5,.8,164,49,6.4,14.1,6.6,6,1.11,8.4
2020,259,36,42.8,20.1,31.4,50.1,7.9,25.9,3.96,20.54,0,29.5,25.8,27.7,27.4,27.2,27.3,1.6,1.1,296,44,5.8,14.3,6.7,6.3,1.01,6.8
2020,260,36,44.2,20.8,32.4,46.6,7.1,20.4,4.45,21.64,0,29.9,26,28,27.5,27.3,27.4,2.2,1.8,258,34,7.2,14.6,7.9,7.7,.86,4.6
2020,261,36,44.6,20.1,32.7,42.2,5.6,19.1,4.63,21.27,0,29.9,26,28,27.6,27.3,27.5,1.5,.5,332,61,5.7,14.5,6.9,6.2,.8,3.5
2020,262,36,42.5,21.6,31.6,79.2,10.5,35.8,3.45,20.99,0,30,26.5,28.3,27.6,27.4,27.5,2.5,1.9,136,38,6.7,14.9,7.2,7.5,1.5,12
2020,263,36,41.8,20.4,31,77.5,12.8,41.3,3.14,20.83,0,30.1,26.6,28.4,27.7,27.5,27.6,2.1,1.3,154,48,7.2,14.4,6.7,6.7,1.68,14.5
2020,264,36,41.6,21.5,31.5,66.2,12.3,38.2,3.25,20.55,0,30.2,26.7,28.5,27.8,27.5,27.6,2.3,1.7,146,38,7.1,14.7,6.8,6.9,1.65,14.4
2020,265,36,41,22.8,31.3,65.4,14.1,44.7,2.81,20.58,0,30.4,27.2,28.9,27.9,27.6,27.7,2.5,2,140,34,17.8,15.2,6.8,6.9,1.95,16.9
2020,266,36,40.3,20.7,31,73.3,11.6,36,3.29,20.89,0,29.7,26.9,28.5,28,27.7,27.8,1.5,.3,230,65,7.1,14.4,6.3,5.7,1.46,12.1
2020,267,36,40.5,19.2,30.1,68.6,8.2,26.8,3.57,21.2,0,29.3,26.4,27.9,27.9,27.6,27.8,1.6,1,260,47,5.9,13.8,6.7,5.9,1,6.8
2020,268,36,42,18.4,30.3,58.8,7.6,26.1,3.73,21.43,0,30.9,25.6,28,27.8,27.4,27.6,1.5,.7,236,53,6.3,13.5,6.8,5.8,.98,6.5
2020,269,36,40.8,19.8,29.2,60.9,10.6,32.6,3.13,21.58,0,31.7,25.6,28.5,27.7,27.4,27.6,2,1.7,146,32,7.7,14.1,6.8,6.5,1.22,9.8
2020,270,36,40.3,17.7,28.4,72.3,11,43.1,2.59,21.41,0,31.5,25.5,28.5,27.8,27.4,27.6,2.3,1.7,148,41,6.7,13.1,6.6,6.7,1.57,13.1
2020,271,36,38.2,18.1,28,82.8,20.2,47.7,2.37,21.37,0,31.8,25.8,28.8,27.8,27.4,27.6,1.4,.5,131,60,5.1,13.1,5.7,5.1,1.67,14.5
2020,272,36,40.5,18.2,29.1,71.6,7.7,31,3.36,21.16,0,30.8,25.9,28.4,27.8,27.4,27.6,2.2,1.6,4,39,7.5,13.4,7.2,6.8,1.02,6.6
2020,273,36,41.7,19,30.5,48.7,8.8,20.5,3.93,20.62,0,30.7,25.2,27.9,27.7,27.2,27.5,2.2,1.8,8,34,8.8,13.7,7.4,7,.8,3.6
2020,274,36,43,18.2,30.7,59,4.8,22.2,4.06,20.79,0,30.9,25.5,28.2,27.5,27.1,27.3,1.8,1,348,48,8.1,13.6,7.2,6.5,.79,3
2020,275,36,42.7,17,30,61.9,3.7,23.5,3.95,20.91,0,30.9,25.1,28,27.5,27,27.3,1.6,.7,344,57,6.2,13.1,6.8,5.9,.77,2.4
2020,276,36,42.2,16.8,29.4,61.4,4,22.3,3.83,20.58,0,31.1,24.8,27.9,27.4,26.9,27.2,1.1,.1,44,68,3.8,12.9,6.1,4.8,.73,2
2020,277,36,41.2,17.2,28.8,65.4,6.9,31,3.27,19.95,0,31.1,24.9,28,27.3,26.9,27.1,1.4,.3,141,68,5.2,13,5.8,5.3,1.09,7.9
2020,278,36,40.9,17.6,28.9,76.3,9.3,30.5,3.3,19.92,0,31,25.1,28,27.3,26.9,27.1,1.3,.4,141,59,7.2,13.1,5.9,5,1.05,7.5
2020,279,36,41.3,19,29.7,47.3,5.4,22.8,3.71,19.04,0,30.4,25.3,27.8,27.2,26.8,27,1.7,.8,292,57,5.6,13.7,6.3,5.8,.81,3.5
2020,280,36,39.2,18.2,28.2,78.3,7,28.1,3.18,15.34,0,29.2,24.8,27.1,27.2,26.7,26.9,1.4,.7,283,51,4.5,13.2,4.8,4.7,.94,5.8
2020,281,36,39.9,17.4,29.2,70.4,9,29.2,3.38,18.5,0,30.4,24.6,27.4,26.9,26.5,26.7,1.1,.1,209,66,4.2,12.9,5.5,4.5,1,6.7
2020,282,36,38.6,19.6,29.2,59.3,16.3,32,3.04,18.06,0,30.8,25.3,28,26.9,26.6,26.8,1.4,.3,235,68,5.8,13.8,5.4,4.8,1.24,9.9
2020,283,36,36.3,17,26.7,62.6,7.2,29.3,2.77,17.88,0,29.4,24.8,27.2,27,26.6,26.8,1.7,1.1,283,42,6.9,12.3,5.5,5,.93,5.6
2020,284,36,35.1,15.6,25.5,65.2,12.7,35.7,2.39,16.8,0,29,23.9,26.5,26.8,26.4,26.6,1.3,.4,273,64,6.8,11.4,4.7,4.2,1.06,7.6
2020,285,36,35.4,16.1,25.6,73,13.8,38.9,2.33,17.53,0,28.9,23.8,26.3,26.6,26.2,26.4,1.5,.6,264,58,5.8,11.7,5,4.5,1.14,8.8
2020,286,36,38.2,15.5,26.7,70.5,10.4,35.9,2.75,17.54,0,28.9,23.5,26.1,26.4,26,26.2,1.5,.7,351,53,6.2,11.9,5.3,4.8,1.07,7.7
2020,287,36,40.1,16,27.8,78.5,6.5,33.3,3.12,17.56,0,29,23.3,26.1,26.3,25.8,26.1,1.3,.6,332,52,6.6,12.4,5.3,4.6,1,6.4
2020,288,36,40.5,16.6,27.7,66.7,5.3,33.8,3.05,16.9,0,29.2,23.5,26.3,26.2,25.8,26,1.3,.3,86,64,4,12.6,4.9,4.6,1.03,6.6
2020,289,36,38.9,16.6,27,80.6,9.9,44.7,2.41,16.56,0,29.4,23.9,26.6,26.1,25.8,26,1.2,.3,37,63,4.6,12.5,4.5,4.2,1.43,11.7
2020,290,36,38.6,17.4,27.8,62.8,6.9,24.4,3.23,16.6,0,27.9,23.6,25.9,26.2,25.8,26,3.1,2.4,358,37,10.4,12.8,7.1,7.4,.76,2.6
2020,291,36,39.5,15.7,26.7,72.9,4.9,27.7,3.06,16.13,0,28.2,22.6,25.3,25.9,25.4,25.7,1.1,.3,58,65,4.1,12.1,4.7,4.1,.79,2.9
2020,292,36,38.6,17.6,26.9,70.5,12.1,42.5,2.39,16.13,0,28.6,22.8,25.7,25.8,25.3,25.5,1.9,1.5,156,39,6.5,12.9,4.9,5.1,1.43,11.7
2020,293,36,38.1,16.9,26.7,78.9,10.1,40.6,2.54,16.45,0,28.8,23.6,26.1,25.8,25.4,25.6,1,.5,36,53,3.3,12.5,4.4,3.8,1.24,9.9
2020,294,36,38.5,15.1,26.2,77.7,9.6,36.6,2.67,16.66,0,28.2,22.8,25.5,25.8,25.4,25.6,1.3,.5,37,58,4.8,11.8,4.7,4.3,1.04,7.2
2020,295,36,36.5,15.5,25.4,83.7,12.6,44.9,2.14,16.24,0,28.2,22.7,25.4,25.6,25.2,25.4,1.8,1.2,133,44,6.1,11.6,4.7,4.6,1.34,11.1
2020,296,36,35.7,17,25.2,90.9,24.6,61.1,1.55,15.82,0,28.5,23.3,25.9,25.6,25.2,25.4,2,1.4,132,42,6.3,12.2,4.2,4.4,1.86,16.2
2020,297,36,33,17.8,25.1,85.6,27.6,60.3,1.49,15.29,0,28.3,23.6,26,25.6,25.3,25.5,1.8,1,137,52,5.9,12,3.9,3.8,1.83,15.9
2020,298,36,31.3,18.6,24.7,84.8,38.2,64.3,1.25,11.35,0,27.6,24,25.8,25.6,25.4,25.5,1.6,1,146,50,5,12,2.7,3,1.95,17.1
2020,299,36,28.3,18.4,22.5,81.7,29.7,48.4,1.47,14.62,0,26.3,21.9,24.3,25.6,25.3,25.5,5.8,4.9,268,32,13.1,10.6,6.1,6.3,1.29,10.5
2020,300,36,19.1,10.6,15.7,58.3,6.7,20.4,1.42,15.5,0,21.9,17.5,19.3,25.3,23.9,24.7,7.5,4.6,305,50,18,2.6,7.6,6.6,.37,-9.4
2020,301,36,23.1,8.4,15.3,49,6,17.3,1.52,16.26,0,20.4,15.6,17.7,23.9,22.7,23.1,4.1,2.7,346,46,14.2,4,6,5.7,.29,-10.4
2020,302,36,26.2,5.2,15.4,66.6,7.2,29.4,1.48,15.98,0,21.9,15.7,18.6,22.7,22,22.3,1.4,.8,39,46,4.7,4.9,3.8,3.2,.44,-5.1
2020,303,36,28.2,9.6,18.2,66.2,11.5,35.2,1.56,16.66,0,22.8,17.3,19.9,22.3,22,22.2,2.2,1.4,10,44,6.3,6.7,4.7,4.2,.68,1.4
2020,304,36,28.4,9,18.6,82.7,18.8,48.9,1.3,14.68,0,23,18.1,20.5,22.4,22.1,22.2,1.4,.9,21,38,6.7,6.7,3.6,3,1,6.8
2020,305,36,28.6,10.8,19.7,86.4,16.6,51.5,1.32,12.26,0,23.2,18.6,20.9,22.4,22.1,22.3,1.1,.7,17,42,5.8,7.2,2.9,2.6,1.12,8.5
2020,306,36,33.2,12.2,21.5,85.9,11.6,46.7,1.67,15.32,0,24.7,19.5,21.9,22.5,22.2,22.4,1.3,.7,1,51,5.5,9.3,4,3.5,1.08,7.9
2020,307,36,35.8,12.7,22.7,87.3,12.4,49.1,1.78,15.66,0,25.6,20,22.7,22.7,22.5,22.6,.8,.2,18,55,4.6,10.3,3.6,2.9,1.23,9.9
2020,308,36,33.3,13.1,21.9,82.6,13.2,50.7,1.59,14.68,0,25.5,20.5,23,23,22.7,22.8,.8,.3,87,49,2.8,9.9,3.2,2.7,1.23,9.9
2020,309,36,34.9,12.6,22.1,88.4,12,52.8,1.63,15.58,0,25.6,20.3,22.9,23.1,22.8,22.9,1.1,.2,299,63,6.7,9.9,3.6,3.2,1.25,10.2
2020,310,36,33.3,13.8,22.7,83.1,13.6,47.8,1.72,12.42,0,24.8,20.7,22.8,23.2,22.9,23,1.9,1,346,51,6.8,10.2,3.7,3.9,1.23,9.9
2020,311,36,29.7,16.2,21.9,79.4,21.2,50.3,1.4,6.73,0,23.9,21.6,22.9,23.2,23,23.1,1.8,1.3,140,41,9,10.2,2.1,3.1,1.29,10.7
2020,312,36,22,9.3,16.2,81.9,30,55.2,.86,14.19,0,22.8,19.2,20.7,23.1,22.7,23,5.6,4.5,247,36,13.9,3.6,4.6,4.1,1.01,6.9
2020,313,36,20.9,6.1,13.5,84.4,32.1,58.2,.74,11.42,0,20.5,17,18.8,22.7,22,22.3,3.5,1.8,239,54,11.2,2.7,3,3.1,.87,4.9
2020,314,36,19.9,8,12.7,76.7,21,50,.79,13.61,0,20.6,16.9,18.5,22,21.5,21.7,2.3,1.8,281,37,9.7,2.5,3,2.9,.71,2.1
2020,315,36,20.6,3.1,11.9,81.4,16,47.7,.88,15.07,0,20.1,15.6,17.8,21.6,21.1,21.3,1.6,1.1,340,42,6.8,2.4,3.3,2.5,.6,-.3
2020,316,36,23.5,5,13.2,78.8,14.3,44.9,1.02,14.85,0,20.4,15.2,17.7,21.2,20.7,21,1.2,.6,354,48,6,3.7,3.2,2.4,.61,-.2
2020,317,36,24.8,5.4,14,86.7,14.3,49.6,1.02,13.87,0,20.5,15.6,17.9,20.9,20.5,20.7,1.3,.8,11,44,5.6,4.3,3.1,2.5,.7,1.7
2020,318,36,26.5,6,14.9,85.9,14,50.8,1.06,14.33,0,21.1,15.8,18.3,20.7,20.4,20.6,.7,0,344,63,3.9,5.2,2.8,2.1,.76,3
2020,319,36,27,8.2,15.6,79.8,20.5,52.6,1.02,14.21,0,21.3,16.5,18.8,20.7,20.4,20.5,1.8,.7,339,60,7.6,5.9,3.2,3.1,.88,5
2020,320,36,28.1,7.2,16.5,75.6,10.9,44.4,1.31,14.49,0,21,16.2,18.6,20.7,20.4,20.5,1.9,1.3,352,43,7.6,6.2,3.9,3.5,.74,2.5
2020,321,36,29.8,7.7,17.6,74.3,12.6,45,1.38,14.4,0,21.4,16.4,18.8,20.6,20.3,20.5,1.9,1.3,348,43,7.6,7,4,3.6,.83,4.2
2020,322,36,29.5,9.1,17.9,81.3,14.2,48.1,1.34,13.27,0,21.9,16.8,19.2,20.6,20.3,20.5,1,.5,90,53,3.7,7.2,2.9,2.5,.89,5
2020,323,36,30.4,10.3,19.2,78.4,12.8,51.7,1.36,13.73,0,22.7,17.6,20,20.7,20.4,20.5,1.2,.6,7,52,3.6,8,3.2,2.7,1.04,7.5
2020,324,36,27.9,11,18.7,73.8,22.6,50.4,1.24,12.92,0,22.1,17.7,20,20.8,20.6,20.7,1.8,1.4,22,35,5.4,7,3.4,3,1.04,7.4
2020,325,36,29.5,11.5,18.7,90.7,16.7,52.7,1.24,13.04,0,22.4,18.1,20.1,20.9,20.6,20.8,1.5,.9,351,46,5.5,7.9,3.3,3,1.04,7.5
2020,326,36,28.4,11.4,18.4,79.3,16,49.2,1.26,12.2,0,22.3,18.1,20.1,20.9,20.7,20.8,1.4,.8,342,45,5.8,7.3,3,2.7,.96,6.2
2020,327,36,28.5,9.3,17.6,84,13.6,50.8,1.21,13.05,0,20.5,16.8,18.5,20.9,20,20.4,.9,.3,339,56,3.3,6.8,2.8,2.2,.94,5.9
2020,328,36,27.5,10.2,16.9,91.1,16.8,51.9,1.12,12.9,0,19.1,16.1,17.6,20,19.6,19.8,1.2,.5,191,54,5.3,6.5,2.8,2.5,.92,5.7
2020,329,36,23.8,7.9,14.7,90.4,15.2,56.3,.88,13.17,0,17.8,15.3,16.6,19.8,19.4,19.6,2.1,1.3,355,44,8.1,4.2,3.1,2.8,.87,4.9
2020,330,36,24,5.4,13.3,84.6,15.8,56.4,.84,13.14,0,17.2,14,15.7,19.4,19,19.2,1.2,.7,24,48,4.3,4.1,2.6,2.2,.79,3.4
2020,331,36,21.5,5.1,12.6,89.7,22.2,53.5,.82,12.96,0,16.5,13.7,15.2,19.1,18.7,18.9,2.2,1.3,332,49,7.2,2.9,3,2.7,.72,2.2
2020,332,36,20,4.6,11.8,67.7,15.4,36,.96,13.15,0,15.1,12.5,13.8,18.8,18.3,18.5,3.2,2,283,49,8.9,2.2,3.8,3.6,.48,-3.5
2020,333,36,21.8,3,11.4,76.8,15.2,45.6,.88,13.2,0,15.2,11.8,13.5,18.3,17.8,18,1.6,1.1,334,44,5.2,2.8,2.9,2.4,.57,-1.2
2020,334,36,23.7,2.6,11.7,83.8,12.5,50,.92,13.23,0,15.4,11.7,13.5,17.9,17.6,17.8,1.1,.6,342,45,4.1,3.6,2.7,2.1,.6,-.3
2020,335,36,24.3,5,12.9,79.4,14.2,49.6,.95,13.05,0,15.4,12.1,13.7,17.7,17.4,17.6,1.9,1.1,332,50,6.7,4.1,3.2,2.8,.68,1.5
2020,336,36,25,2.2,12.8,86.7,11.5,48.9,1.01,12.97,0,15.5,11.8,13.6,17.6,17.3,17.5,1.4,.9,337,48,4.7,4.1,2.9,2.5,.62,.2
2020,337,36,22.2,6.2,14.2,60.8,14.9,32.1,1.18,13.23,0,15.1,12.3,13.7,17.5,17.2,17.3,3.7,2.8,343,41,8.7,3.3,4.4,4.2,.5,-2.7
2020,338,36,20.7,3.4,12.1,74.7,11.6,35.5,1.01,13.37,0,15,11.8,13.3,17.3,17,17.2,3.2,2.5,351,37,9.2,2.4,3.9,3.6,.47,-3.7
2020,339,36,20.4,.7,9.6,83.2,14.3,45.2,.82,13.44,0,14.6,10.8,12.7,17.2,16.8,17,1.8,1.1,352,47,6.1,2.1,3.1,2.5,.49,-3
2020,340,36,21.8,1.2,10.1,80.8,10.5,46.2,.86,13.32,0,14.7,10.6,12.6,16.9,16.5,16.7,1.9,1.4,11,38,6.1,2.7,3.1,2.7,.5,-2.7
2020,341,36,24.3,1.4,11.1,83.6,10.1,50.2,.91,13.16,0,15.1,10.9,12.9,16.7,16.4,16.5,1.3,.8,353,46,5.8,3.6,2.9,2.3,.57,-1
2020,342,36,22.5,4.4,11.7,79.2,16.9,51.8,.76,8.34,0,14.6,11.8,13.1,16.6,16.4,16.5,2.4,1.5,342,48,8.4,3.3,2.2,2.9,.68,1.3
2020,343,36,22.5,7.1,14.1,73.6,21.8,42.7,1,8.04,0,15.3,12.7,13.8,16.5,16.4,16.4,2.5,2,12,38,6.9,3.5,2.4,3.1,.66,.9
2020,344,36,22.9,3,12,82.9,19.2,58.3,.72,11.1,0,15.5,11.7,13.6,16.6,16.3,16.5,1.1,.5,99,56,3.6,3.3,2,1.8,.79,3.2
2020,345,36,21.5,8.5,14.6,97.2,32.9,72.9,.53,11.91,1.27,17,14,15.2,16.7,16.4,16.5,1.3,.9,113,42,4.4,3.3,2,1.7,1.17,9.2
2020,346,36,19.6,5.1,11.8,97.8,61.7,85,.26,9.96,0,16.6,13.3,14.9,16.9,16.7,16.8,1.2,.4,119,57,5.4,2.1,1.4,1.3,1.18,9.2
2020,347,36,20.5,6.1,11.7,100,36.6,82.3,.32,10.59,0,16.5,13.4,14.8,16.9,16.7,16.9,1.5,.3,50,63,6.5,2.6,1.5,1.6,1.11,8.3
2020,348,36,18,3.3,10.4,74.8,12.1,42.5,.81,13.15,0,15.4,12.6,14.1,17,16.7,16.9,3.1,2.3,334,42,8.2,1.3,3.4,3,.5,-3.1
2020,349,36,19.1,2.7,10,86.7,23.7,58.2,.63,12.34,0,15.3,11.8,13.4,16.8,16.4,16.6,1.6,1.1,272,41,7.6,1.8,2.4,1.9,.68,1.3
2020,350,36,18.7,1.5,9.8,82.9,19.2,50.3,.73,12.81,0,14.6,11.4,13,16.6,16.2,16.4,2.8,1.9,343,42,9.3,1.5,3.3,2.7,.56,-1.2
2020,351,36,19.5,1.7,9.6,75.2,17.2,48,.75,12.7,0,14.5,10.7,12.6,16.3,16,16.1,1.8,1.1,344,48,8.1,1.8,2.8,2.3,.53,-2
2020,352,36,15.9,2.4,8.3,86.3,29.9,64,.47,5.97,0,13.4,11,12.3,16.1,15.8,16,1,.5,23,50,3.7,.6,.7,1.2,.68,1.4
2020,353,36,20.6,1.5,9.9,91,27.5,61,.64,12.49,0,14.4,10.4,12.3,15.9,15.5,15.7,2,1.2,341,47,9.2,2.2,2.7,2.3,.7,1.8
2020,354,36,21.1,1,10.2,84.1,20.5,51.7,.75,12.64,0,14.5,10.6,12.5,15.8,15.5,15.6,2.1,1.4,335,45,7.1,2.3,2.9,2.5,.6,-.4
2020,355,36,21.5,2.1,11.1,78.7,16.9,45.7,.87,12.83,0,14.4,10.5,12.4,15.7,15.4,15.5,2.5,1.8,349,41,8.7,2.6,3.4,3,.55,-1.4
2020,356,36,25.5,2.2,12.6,80.5,12.6,48.1,1.01,12.7,0,15.2,10.8,12.8,15.6,15.3,15.4,1.6,1,9,43,6.1,4.3,3,2.7,.62,.2
2020,357,36,23.6,3.5,11.6,84.8,25.1,62.1,.66,11.75,0,15.6,11.5,13.4,15.6,15.4,15.5,1.5,1,114,45,5.4,3.6,2.4,2.2,.83,4
2020,358,36,19.6,4.3,11,93.6,13.6,49.3,.82,9.9,0,14.2,11.9,13.1,15.7,15.5,15.6,3.4,2.6,347,36,10.5,2,3.3,3.3,.56,-2
2020,359,36,16.5,5.3,10.4,75.5,17.5,42.5,.74,6.36,0,13.3,11.4,12.4,15.6,15.3,15.4,2.4,1.6,343,45,7.2,1,1.7,2.4,.53,-2.3
2020,360,36,21,4.4,11.8,76.5,9.6,46.1,.87,12.48,0,15,11.5,13.1,15.4,15.2,15.3,1.7,1.2,302,42,6.1,2.5,2.8,2.3,.58,-.9
2020,361,36,24.3,2.9,11.6,82.2,13.4,51.8,.85,12.53,0,15.5,11.2,13.2,15.5,15.2,15.4,1.1,.5,14,53,4.6,3.8,2.4,2,.63,.4
2020,362,36,21.1,4.9,12,82.5,18.1,54,.78,10.79,0,15.4,11.8,13.5,15.5,15.3,15.4,1.5,.9,11,47,6.7,2.7,2.2,2.1,.71,2
2020,363,36,17.6,3.7,9.7,84.4,38.4,64.6,.49,8.32,0,14.3,11.6,13,15.6,15.4,15.5,1.9,.8,273,58,8.4,1.3,1.5,1.8,.76,3
2020,364,36,17.3,3.9,9.8,90.7,37.2,67.8,.46,10.74,0,14.5,11.5,12.8,15.4,15.2,15.3,2,1.3,301,44,6.6,1.2,2,1.8,.8,3.6
2020,365,36,19.2,2.8,10.5,75,13.8,39.5,.87,12.98,0,14.1,10.8,12.4,15.4,15.1,15.2,3,1.8,313,50,8.7,1.8,3.5,3.2,.47,-3.7
2020,366,36,18.6,.3,8.3,79.9,10.3,47.8,.71,11.65,0,13.8,10.1,11.9,15.2,14.9,15.1,2.2,1.1,18,56,6.5,1.5,2.6,2.5,.47,-3.5